(kicad_pcb (version 20171130) (host pcbnew "(5.1.6)-1")

  (general
    (thickness 1.6)
    (drawings 0)
    (tracks 104)
    (zones 0)
    (modules 11)
    (nets 16)
  )

  (page A4)
  (title_block
    (title "Monitor de carga para celulas de litio")
    (date 2021-06-10)
    (rev 1)
    (company "Zenith Aerospace")
    (comment 4 "Autor: João Marcus Epifanio Morais de Assunção")
  )

  (layers
    (0 F.Cu signal)
    (31 B.Cu signal)
    (32 B.Adhes user)
    (33 F.Adhes user)
    (34 B.Paste user)
    (35 F.Paste user)
    (36 B.SilkS user)
    (37 F.SilkS user)
    (38 B.Mask user)
    (39 F.Mask user)
    (40 Dwgs.User user)
    (41 Cmts.User user)
    (42 Eco1.User user)
    (43 Eco2.User user)
    (44 Edge.Cuts user)
    (45 Margin user)
    (46 B.CrtYd user)
    (47 F.CrtYd user)
    (48 B.Fab user)
    (49 F.Fab user)
  )

  (setup
    (last_trace_width 0.5)
    (user_trace_width 0.2)
    (user_trace_width 0.5)
    (user_trace_width 0.9)
    (trace_clearance 0.2)
    (zone_clearance 0.508)
    (zone_45_only no)
    (trace_min 0.2)
    (via_size 0.8)
    (via_drill 0.4)
    (via_min_size 0.4)
    (via_min_drill 0.3)
    (user_via 0.6 0.3)
    (uvia_size 0.3)
    (uvia_drill 0.1)
    (uvias_allowed no)
    (uvia_min_size 0.2)
    (uvia_min_drill 0.1)
    (edge_width 0.05)
    (segment_width 0.2)
    (pcb_text_width 0.3)
    (pcb_text_size 1.5 1.5)
    (mod_edge_width 0.12)
    (mod_text_size 1 1)
    (mod_text_width 0.15)
    (pad_size 1.524 1.524)
    (pad_drill 0.762)
    (pad_to_mask_clearance 0.05)
    (aux_axis_origin 0 0)
    (visible_elements FFFFFF7F)
    (pcbplotparams
      (layerselection 0x010fc_ffffffff)
      (usegerberextensions false)
      (usegerberattributes true)
      (usegerberadvancedattributes true)
      (creategerberjobfile true)
      (excludeedgelayer true)
      (linewidth 0.100000)
      (plotframeref false)
      (viasonmask false)
      (mode 1)
      (useauxorigin false)
      (hpglpennumber 1)
      (hpglpenspeed 20)
      (hpglpendiameter 15.000000)
      (psnegative false)
      (psa4output false)
      (plotreference true)
      (plotvalue true)
      (plotinvisibletext false)
      (padsonsilk false)
      (subtractmaskfromsilk false)
      (outputformat 1)
      (mirror false)
      (drillshape 1)
      (scaleselection 1)
      (outputdirectory ""))
  )

  (net 0 "")
  (net 1 "Net-(C1-Pad1)")
  (net 2 GND)
  (net 3 "Net-(C2-Pad1)")
  (net 4 "Net-(IC1-Pad2)")
  (net 5 /ALRT1)
  (net 6 "Net-(IC1-Pad9)")
  (net 7 "Net-(IC1-Pad10)")
  (net 8 /SCL)
  (net 9 /SDA)
  (net 10 "Net-(IC1-Pad14)")
  (net 11 /Pack)
  (net 12 +3V3)
  (net 13 "Net-(U1-PadMH1)")
  (net 14 "Net-(U1-PadMH2)")
  (net 15 "Net-(U1-PadMH3)")

  (net_class Default "This is the default net class."
    (clearance 0.2)
    (trace_width 0.25)
    (via_dia 0.8)
    (via_drill 0.4)
    (uvia_dia 0.3)
    (uvia_drill 0.1)
    (add_net +3V3)
    (add_net /ALRT1)
    (add_net /Pack)
    (add_net /SCL)
    (add_net /SDA)
    (add_net GND)
    (add_net "Net-(C1-Pad1)")
    (add_net "Net-(C2-Pad1)")
    (add_net "Net-(IC1-Pad10)")
    (add_net "Net-(IC1-Pad14)")
    (add_net "Net-(IC1-Pad2)")
    (add_net "Net-(IC1-Pad9)")
    (add_net "Net-(U1-PadMH1)")
    (add_net "Net-(U1-PadMH2)")
    (add_net "Net-(U1-PadMH3)")
  )

  (module Capacitor_SMD:C_0805_2012Metric (layer F.Cu) (tedit 5B36C52B) (tstamp 60C29929)
    (at 140.8684 68.1228 270)
    (descr "Capacitor SMD 0805 (2012 Metric), square (rectangular) end terminal, IPC_7351 nominal, (Body size source: https://docs.google.com/spreadsheets/d/1BsfQQcO9C6DZCsRaXUlFlo91Tg2WpOkGARC1WS5S8t0/edit?usp=sharing), generated with kicad-footprint-generator")
    (tags capacitor)
    (path /60C1561D)
    (attr smd)
    (fp_text reference C1 (at -2.3622 0 180) (layer F.SilkS)
      (effects (font (size 1 1) (thickness 0.15)))
    )
    (fp_text value 470p (at 0 1.65 90) (layer F.Fab)
      (effects (font (size 1 1) (thickness 0.15)))
    )
    (fp_line (start 1.68 0.95) (end -1.68 0.95) (layer F.CrtYd) (width 0.05))
    (fp_line (start 1.68 -0.95) (end 1.68 0.95) (layer F.CrtYd) (width 0.05))
    (fp_line (start -1.68 -0.95) (end 1.68 -0.95) (layer F.CrtYd) (width 0.05))
    (fp_line (start -1.68 0.95) (end -1.68 -0.95) (layer F.CrtYd) (width 0.05))
    (fp_line (start -0.258578 0.71) (end 0.258578 0.71) (layer F.SilkS) (width 0.12))
    (fp_line (start -0.258578 -0.71) (end 0.258578 -0.71) (layer F.SilkS) (width 0.12))
    (fp_line (start 1 0.6) (end -1 0.6) (layer F.Fab) (width 0.1))
    (fp_line (start 1 -0.6) (end 1 0.6) (layer F.Fab) (width 0.1))
    (fp_line (start -1 -0.6) (end 1 -0.6) (layer F.Fab) (width 0.1))
    (fp_line (start -1 0.6) (end -1 -0.6) (layer F.Fab) (width 0.1))
    (fp_text user %R (at -2.1336 0 180) (layer F.Fab)
      (effects (font (size 0.5 0.5) (thickness 0.08)))
    )
    (pad 1 smd roundrect (at -0.9375 0 270) (size 0.975 1.4) (layers F.Cu F.Paste F.Mask) (roundrect_rratio 0.25)
      (net 1 "Net-(C1-Pad1)"))
    (pad 2 smd roundrect (at 0.9375 0 270) (size 0.975 1.4) (layers F.Cu F.Paste F.Mask) (roundrect_rratio 0.25)
      (net 2 GND))
    (model ${KISYS3DMOD}/Capacitor_SMD.3dshapes/C_0805_2012Metric.wrl
      (at (xyz 0 0 0))
      (scale (xyz 1 1 1))
      (rotate (xyz 0 0 0))
    )
  )

  (module Capacitor_SMD:C_0805_2012Metric (layer F.Cu) (tedit 5B36C52B) (tstamp 60C29A49)
    (at 143.3576 63.373 270)
    (descr "Capacitor SMD 0805 (2012 Metric), square (rectangular) end terminal, IPC_7351 nominal, (Body size source: https://docs.google.com/spreadsheets/d/1BsfQQcO9C6DZCsRaXUlFlo91Tg2WpOkGARC1WS5S8t0/edit?usp=sharing), generated with kicad-footprint-generator")
    (tags capacitor)
    (path /60C1728A)
    (attr smd)
    (fp_text reference C2 (at -2.3622 0 180) (layer F.SilkS)
      (effects (font (size 1 1) (thickness 0.15)))
    )
    (fp_text value 100p (at 0 1.65 90) (layer F.Fab)
      (effects (font (size 1 1) (thickness 0.15)))
    )
    (fp_text user %R (at -2.159 0 180) (layer F.Fab)
      (effects (font (size 0.5 0.5) (thickness 0.08)))
    )
    (fp_line (start -1 0.6) (end -1 -0.6) (layer F.Fab) (width 0.1))
    (fp_line (start -1 -0.6) (end 1 -0.6) (layer F.Fab) (width 0.1))
    (fp_line (start 1 -0.6) (end 1 0.6) (layer F.Fab) (width 0.1))
    (fp_line (start 1 0.6) (end -1 0.6) (layer F.Fab) (width 0.1))
    (fp_line (start -0.258578 -0.71) (end 0.258578 -0.71) (layer F.SilkS) (width 0.12))
    (fp_line (start -0.258578 0.71) (end 0.258578 0.71) (layer F.SilkS) (width 0.12))
    (fp_line (start -1.68 0.95) (end -1.68 -0.95) (layer F.CrtYd) (width 0.05))
    (fp_line (start -1.68 -0.95) (end 1.68 -0.95) (layer F.CrtYd) (width 0.05))
    (fp_line (start 1.68 -0.95) (end 1.68 0.95) (layer F.CrtYd) (width 0.05))
    (fp_line (start 1.68 0.95) (end -1.68 0.95) (layer F.CrtYd) (width 0.05))
    (pad 2 smd roundrect (at 0.9375 0 270) (size 0.975 1.4) (layers F.Cu F.Paste F.Mask) (roundrect_rratio 0.25)
      (net 2 GND))
    (pad 1 smd roundrect (at -0.9375 0 270) (size 0.975 1.4) (layers F.Cu F.Paste F.Mask) (roundrect_rratio 0.25)
      (net 3 "Net-(C2-Pad1)"))
    (model ${KISYS3DMOD}/Capacitor_SMD.3dshapes/C_0805_2012Metric.wrl
      (at (xyz 0 0 0))
      (scale (xyz 1 1 1))
      (rotate (xyz 0 0 0))
    )
  )

  (module SON40P300X300X80-15N (layer F.Cu) (tedit 0) (tstamp 60C298DF)
    (at 147.9296 63.373)
    (descr "14 TDFN 21-0137---")
    (tags "Integrated Circuit")
    (path /60C11B32)
    (attr smd)
    (fp_text reference IC1 (at 0 -2.842001) (layer F.SilkS)
      (effects (font (size 1.27 1.27) (thickness 0.254)))
    )
    (fp_text value MAX17205G+T (at 0 0) (layer F.SilkS) hide
      (effects (font (size 1.27 1.27) (thickness 0.254)))
    )
    (fp_circle (center -1.875 -1.8) (end -1.875 -1.675) (layer F.SilkS) (width 0.25))
    (fp_line (start -1.5 -0.75) (end -0.75 -1.5) (layer F.Fab) (width 0.1))
    (fp_line (start -1.5 1.5) (end -1.5 -1.5) (layer F.Fab) (width 0.1))
    (fp_line (start 1.5 1.5) (end -1.5 1.5) (layer F.Fab) (width 0.1))
    (fp_line (start 1.5 -1.5) (end 1.5 1.5) (layer F.Fab) (width 0.1))
    (fp_line (start -1.5 -1.5) (end 1.5 -1.5) (layer F.Fab) (width 0.1))
    (fp_line (start -2.125 1.8) (end -2.125 -1.8) (layer F.CrtYd) (width 0.05))
    (fp_line (start 2.125 1.8) (end -2.125 1.8) (layer F.CrtYd) (width 0.05))
    (fp_line (start 2.125 -1.8) (end 2.125 1.8) (layer F.CrtYd) (width 0.05))
    (fp_line (start -2.125 -1.8) (end 2.125 -1.8) (layer F.CrtYd) (width 0.05))
    (fp_text user %R (at 0 -2.842001) (layer F.Fab)
      (effects (font (size 1.27 1.27) (thickness 0.254)))
    )
    (pad 1 smd rect (at -1.5 -1.2 90) (size 0.2 0.75) (layers F.Cu F.Paste F.Mask)
      (net 3 "Net-(C2-Pad1)"))
    (pad 2 smd rect (at -1.5 -0.8 90) (size 0.2 0.75) (layers F.Cu F.Paste F.Mask)
      (net 4 "Net-(IC1-Pad2)"))
    (pad 3 smd rect (at -1.5 -0.4 90) (size 0.2 0.75) (layers F.Cu F.Paste F.Mask)
      (net 1 "Net-(C1-Pad1)"))
    (pad 4 smd rect (at -1.5 0 90) (size 0.2 0.75) (layers F.Cu F.Paste F.Mask)
      (net 2 GND))
    (pad 5 smd rect (at -1.5 0.4 90) (size 0.2 0.75) (layers F.Cu F.Paste F.Mask)
      (net 3 "Net-(C2-Pad1)"))
    (pad 6 smd rect (at -1.5 0.8 90) (size 0.2 0.75) (layers F.Cu F.Paste F.Mask)
      (net 3 "Net-(C2-Pad1)"))
    (pad 7 smd rect (at -1.5 1.2 90) (size 0.2 0.75) (layers F.Cu F.Paste F.Mask)
      (net 3 "Net-(C2-Pad1)"))
    (pad 8 smd rect (at 1.5 1.2 90) (size 0.2 0.75) (layers F.Cu F.Paste F.Mask)
      (net 5 /ALRT1))
    (pad 9 smd rect (at 1.5 0.8 90) (size 0.2 0.75) (layers F.Cu F.Paste F.Mask)
      (net 6 "Net-(IC1-Pad9)"))
    (pad 10 smd rect (at 1.5 0.4 90) (size 0.2 0.75) (layers F.Cu F.Paste F.Mask)
      (net 7 "Net-(IC1-Pad10)"))
    (pad 11 smd rect (at 1.5 0 90) (size 0.2 0.75) (layers F.Cu F.Paste F.Mask)
      (net 8 /SCL))
    (pad 12 smd rect (at 1.5 -0.4 90) (size 0.2 0.75) (layers F.Cu F.Paste F.Mask)
      (net 9 /SDA))
    (pad 13 smd rect (at 1.5 -0.8 90) (size 0.2 0.75) (layers F.Cu F.Paste F.Mask)
      (net 3 "Net-(C2-Pad1)"))
    (pad 14 smd rect (at 1.5 -1.2 90) (size 0.2 0.75) (layers F.Cu F.Paste F.Mask)
      (net 10 "Net-(IC1-Pad14)"))
    (pad 15 smd rect (at 0 0) (size 1.8 2.4) (layers F.Cu F.Paste F.Mask)
      (net 2 GND))
    (model C:\SamacSys_PCB_Library\KiCad\SamacSys_Parts.3dshapes\MAX17205G+T.stp
      (at (xyz 0 0 0))
      (scale (xyz 1 1 1))
      (rotate (xyz 0 0 0))
    )
  )

  (module Resistor_SMD:R_0805_2012Metric (layer F.Cu) (tedit 5B36C52B) (tstamp 60C29A19)
    (at 140.8684 63.373 270)
    (descr "Resistor SMD 0805 (2012 Metric), square (rectangular) end terminal, IPC_7351 nominal, (Body size source: https://docs.google.com/spreadsheets/d/1BsfQQcO9C6DZCsRaXUlFlo91Tg2WpOkGARC1WS5S8t0/edit?usp=sharing), generated with kicad-footprint-generator")
    (tags resistor)
    (path /60C16B56)
    (attr smd)
    (fp_text reference R1 (at -2.3622 0 180) (layer F.SilkS)
      (effects (font (size 1 1) (thickness 0.15)))
    )
    (fp_text value 10 (at 0 1.65 90) (layer F.Fab)
      (effects (font (size 1 1) (thickness 0.15)))
    )
    (fp_line (start 1.68 0.95) (end -1.68 0.95) (layer F.CrtYd) (width 0.05))
    (fp_line (start 1.68 -0.95) (end 1.68 0.95) (layer F.CrtYd) (width 0.05))
    (fp_line (start -1.68 -0.95) (end 1.68 -0.95) (layer F.CrtYd) (width 0.05))
    (fp_line (start -1.68 0.95) (end -1.68 -0.95) (layer F.CrtYd) (width 0.05))
    (fp_line (start -0.258578 0.71) (end 0.258578 0.71) (layer F.SilkS) (width 0.12))
    (fp_line (start -0.258578 -0.71) (end 0.258578 -0.71) (layer F.SilkS) (width 0.12))
    (fp_line (start 1 0.6) (end -1 0.6) (layer F.Fab) (width 0.1))
    (fp_line (start 1 -0.6) (end 1 0.6) (layer F.Fab) (width 0.1))
    (fp_line (start -1 -0.6) (end 1 -0.6) (layer F.Fab) (width 0.1))
    (fp_line (start -1 0.6) (end -1 -0.6) (layer F.Fab) (width 0.1))
    (fp_text user %R (at -2.1082 0 180) (layer F.Fab)
      (effects (font (size 0.5 0.5) (thickness 0.08)))
    )
    (pad 1 smd roundrect (at -0.9375 0 270) (size 0.975 1.4) (layers F.Cu F.Paste F.Mask) (roundrect_rratio 0.25)
      (net 3 "Net-(C2-Pad1)"))
    (pad 2 smd roundrect (at 0.9375 0 270) (size 0.975 1.4) (layers F.Cu F.Paste F.Mask) (roundrect_rratio 0.25)
      (net 11 /Pack))
    (model ${KISYS3DMOD}/Resistor_SMD.3dshapes/R_0805_2012Metric.wrl
      (at (xyz 0 0 0))
      (scale (xyz 1 1 1))
      (rotate (xyz 0 0 0))
    )
  )

  (module Resistor_SMD:R_0805_2012Metric (layer F.Cu) (tedit 5B36C52B) (tstamp 60C299E9)
    (at 153.6954 63.3476 90)
    (descr "Resistor SMD 0805 (2012 Metric), square (rectangular) end terminal, IPC_7351 nominal, (Body size source: https://docs.google.com/spreadsheets/d/1BsfQQcO9C6DZCsRaXUlFlo91Tg2WpOkGARC1WS5S8t0/edit?usp=sharing), generated with kicad-footprint-generator")
    (tags resistor)
    (path /60C150F9)
    (attr smd)
    (fp_text reference R2 (at 2.3622 0 180) (layer F.SilkS)
      (effects (font (size 1 1) (thickness 0.15)))
    )
    (fp_text value 10k (at 0 1.65 90) (layer F.Fab)
      (effects (font (size 1 1) (thickness 0.15)))
    )
    (fp_text user %R (at 2.1082 0 180) (layer F.Fab)
      (effects (font (size 0.5 0.5) (thickness 0.08)))
    )
    (fp_line (start -1 0.6) (end -1 -0.6) (layer F.Fab) (width 0.1))
    (fp_line (start -1 -0.6) (end 1 -0.6) (layer F.Fab) (width 0.1))
    (fp_line (start 1 -0.6) (end 1 0.6) (layer F.Fab) (width 0.1))
    (fp_line (start 1 0.6) (end -1 0.6) (layer F.Fab) (width 0.1))
    (fp_line (start -0.258578 -0.71) (end 0.258578 -0.71) (layer F.SilkS) (width 0.12))
    (fp_line (start -0.258578 0.71) (end 0.258578 0.71) (layer F.SilkS) (width 0.12))
    (fp_line (start -1.68 0.95) (end -1.68 -0.95) (layer F.CrtYd) (width 0.05))
    (fp_line (start -1.68 -0.95) (end 1.68 -0.95) (layer F.CrtYd) (width 0.05))
    (fp_line (start 1.68 -0.95) (end 1.68 0.95) (layer F.CrtYd) (width 0.05))
    (fp_line (start 1.68 0.95) (end -1.68 0.95) (layer F.CrtYd) (width 0.05))
    (pad 2 smd roundrect (at 0.9375 0 90) (size 0.975 1.4) (layers F.Cu F.Paste F.Mask) (roundrect_rratio 0.25)
      (net 10 "Net-(IC1-Pad14)"))
    (pad 1 smd roundrect (at -0.9375 0 90) (size 0.975 1.4) (layers F.Cu F.Paste F.Mask) (roundrect_rratio 0.25)
      (net 6 "Net-(IC1-Pad9)"))
    (model ${KISYS3DMOD}/Resistor_SMD.3dshapes/R_0805_2012Metric.wrl
      (at (xyz 0 0 0))
      (scale (xyz 1 1 1))
      (rotate (xyz 0 0 0))
    )
  )

  (module Resistor_SMD:R_0805_2012Metric (layer F.Cu) (tedit 5B36C52B) (tstamp 60C299B9)
    (at 149.1234 68.1228 270)
    (descr "Resistor SMD 0805 (2012 Metric), square (rectangular) end terminal, IPC_7351 nominal, (Body size source: https://docs.google.com/spreadsheets/d/1BsfQQcO9C6DZCsRaXUlFlo91Tg2WpOkGARC1WS5S8t0/edit?usp=sharing), generated with kicad-footprint-generator")
    (tags resistor)
    (path /60C26459)
    (attr smd)
    (fp_text reference R3 (at -2.3622 0 180) (layer F.SilkS)
      (effects (font (size 1 1) (thickness 0.15)))
    )
    (fp_text value 4.7k (at 0 1.65 90) (layer F.Fab)
      (effects (font (size 1 1) (thickness 0.15)))
    )
    (fp_text user %R (at -2.1082 0 180) (layer F.Fab)
      (effects (font (size 0.5 0.5) (thickness 0.08)))
    )
    (fp_line (start -1 0.6) (end -1 -0.6) (layer F.Fab) (width 0.1))
    (fp_line (start -1 -0.6) (end 1 -0.6) (layer F.Fab) (width 0.1))
    (fp_line (start 1 -0.6) (end 1 0.6) (layer F.Fab) (width 0.1))
    (fp_line (start 1 0.6) (end -1 0.6) (layer F.Fab) (width 0.1))
    (fp_line (start -0.258578 -0.71) (end 0.258578 -0.71) (layer F.SilkS) (width 0.12))
    (fp_line (start -0.258578 0.71) (end 0.258578 0.71) (layer F.SilkS) (width 0.12))
    (fp_line (start -1.68 0.95) (end -1.68 -0.95) (layer F.CrtYd) (width 0.05))
    (fp_line (start -1.68 -0.95) (end 1.68 -0.95) (layer F.CrtYd) (width 0.05))
    (fp_line (start 1.68 -0.95) (end 1.68 0.95) (layer F.CrtYd) (width 0.05))
    (fp_line (start 1.68 0.95) (end -1.68 0.95) (layer F.CrtYd) (width 0.05))
    (pad 2 smd roundrect (at 0.9375 0 270) (size 0.975 1.4) (layers F.Cu F.Paste F.Mask) (roundrect_rratio 0.25)
      (net 9 /SDA))
    (pad 1 smd roundrect (at -0.9375 0 270) (size 0.975 1.4) (layers F.Cu F.Paste F.Mask) (roundrect_rratio 0.25)
      (net 12 +3V3))
    (model ${KISYS3DMOD}/Resistor_SMD.3dshapes/R_0805_2012Metric.wrl
      (at (xyz 0 0 0))
      (scale (xyz 1 1 1))
      (rotate (xyz 0 0 0))
    )
  )

  (module Resistor_SMD:R_0805_2012Metric (layer F.Cu) (tedit 5B36C52B) (tstamp 60C29959)
    (at 146.7358 68.1228 270)
    (descr "Resistor SMD 0805 (2012 Metric), square (rectangular) end terminal, IPC_7351 nominal, (Body size source: https://docs.google.com/spreadsheets/d/1BsfQQcO9C6DZCsRaXUlFlo91Tg2WpOkGARC1WS5S8t0/edit?usp=sharing), generated with kicad-footprint-generator")
    (tags resistor)
    (path /60C26E82)
    (attr smd)
    (fp_text reference R4 (at -2.3368 0 180) (layer F.SilkS)
      (effects (font (size 1 1) (thickness 0.15)))
    )
    (fp_text value 4.7k (at 0 1.65 90) (layer F.Fab)
      (effects (font (size 1 1) (thickness 0.15)))
    )
    (fp_line (start 1.68 0.95) (end -1.68 0.95) (layer F.CrtYd) (width 0.05))
    (fp_line (start 1.68 -0.95) (end 1.68 0.95) (layer F.CrtYd) (width 0.05))
    (fp_line (start -1.68 -0.95) (end 1.68 -0.95) (layer F.CrtYd) (width 0.05))
    (fp_line (start -1.68 0.95) (end -1.68 -0.95) (layer F.CrtYd) (width 0.05))
    (fp_line (start -0.258578 0.71) (end 0.258578 0.71) (layer F.SilkS) (width 0.12))
    (fp_line (start -0.258578 -0.71) (end 0.258578 -0.71) (layer F.SilkS) (width 0.12))
    (fp_line (start 1 0.6) (end -1 0.6) (layer F.Fab) (width 0.1))
    (fp_line (start 1 -0.6) (end 1 0.6) (layer F.Fab) (width 0.1))
    (fp_line (start -1 -0.6) (end 1 -0.6) (layer F.Fab) (width 0.1))
    (fp_line (start -1 0.6) (end -1 -0.6) (layer F.Fab) (width 0.1))
    (fp_text user %R (at -2.0828 -0.0254 180) (layer F.Fab)
      (effects (font (size 0.5 0.5) (thickness 0.08)))
    )
    (pad 1 smd roundrect (at -0.9375 0 270) (size 0.975 1.4) (layers F.Cu F.Paste F.Mask) (roundrect_rratio 0.25)
      (net 12 +3V3))
    (pad 2 smd roundrect (at 0.9375 0 270) (size 0.975 1.4) (layers F.Cu F.Paste F.Mask) (roundrect_rratio 0.25)
      (net 8 /SCL))
    (model ${KISYS3DMOD}/Resistor_SMD.3dshapes/R_0805_2012Metric.wrl
      (at (xyz 0 0 0))
      (scale (xyz 1 1 1))
      (rotate (xyz 0 0 0))
    )
  )

  (module Resistor_SMD:R_0805_2012Metric (layer F.Cu) (tedit 5B36C52B) (tstamp 60C298A2)
    (at 143.3576 68.1228 270)
    (descr "Resistor SMD 0805 (2012 Metric), square (rectangular) end terminal, IPC_7351 nominal, (Body size source: https://docs.google.com/spreadsheets/d/1BsfQQcO9C6DZCsRaXUlFlo91Tg2WpOkGARC1WS5S8t0/edit?usp=sharing), generated with kicad-footprint-generator")
    (tags resistor)
    (path /60C27BAF)
    (attr smd)
    (fp_text reference R5 (at -2.3622 0 180) (layer F.SilkS)
      (effects (font (size 1 1) (thickness 0.15)))
    )
    (fp_text value 4.7k (at 0 1.65 90) (layer F.Fab)
      (effects (font (size 1 1) (thickness 0.15)))
    )
    (fp_text user %R (at -2.1082 0 180) (layer F.Fab)
      (effects (font (size 0.5 0.5) (thickness 0.08)))
    )
    (fp_line (start -1 0.6) (end -1 -0.6) (layer F.Fab) (width 0.1))
    (fp_line (start -1 -0.6) (end 1 -0.6) (layer F.Fab) (width 0.1))
    (fp_line (start 1 -0.6) (end 1 0.6) (layer F.Fab) (width 0.1))
    (fp_line (start 1 0.6) (end -1 0.6) (layer F.Fab) (width 0.1))
    (fp_line (start -0.258578 -0.71) (end 0.258578 -0.71) (layer F.SilkS) (width 0.12))
    (fp_line (start -0.258578 0.71) (end 0.258578 0.71) (layer F.SilkS) (width 0.12))
    (fp_line (start -1.68 0.95) (end -1.68 -0.95) (layer F.CrtYd) (width 0.05))
    (fp_line (start -1.68 -0.95) (end 1.68 -0.95) (layer F.CrtYd) (width 0.05))
    (fp_line (start 1.68 -0.95) (end 1.68 0.95) (layer F.CrtYd) (width 0.05))
    (fp_line (start 1.68 0.95) (end -1.68 0.95) (layer F.CrtYd) (width 0.05))
    (pad 2 smd roundrect (at 0.9375 0 270) (size 0.975 1.4) (layers F.Cu F.Paste F.Mask) (roundrect_rratio 0.25)
      (net 5 /ALRT1))
    (pad 1 smd roundrect (at -0.9375 0 270) (size 0.975 1.4) (layers F.Cu F.Paste F.Mask) (roundrect_rratio 0.25)
      (net 12 +3V3))
    (model ${KISYS3DMOD}/Resistor_SMD.3dshapes/R_0805_2012Metric.wrl
      (at (xyz 0 0 0))
      (scale (xyz 1 1 1))
      (rotate (xyz 0 0 0))
    )
  )

  (module Resistor_SMD:R_0805_2012Metric (layer F.Cu) (tedit 5B36C52B) (tstamp 60C2A334)
    (at 138.3284 63.373 90)
    (descr "Resistor SMD 0805 (2012 Metric), square (rectangular) end terminal, IPC_7351 nominal, (Body size source: https://docs.google.com/spreadsheets/d/1BsfQQcO9C6DZCsRaXUlFlo91Tg2WpOkGARC1WS5S8t0/edit?usp=sharing), generated with kicad-footprint-generator")
    (tags resistor)
    (path /60C12D9D)
    (attr smd)
    (fp_text reference R6 (at 2.3622 0 180) (layer F.SilkS)
      (effects (font (size 1 1) (thickness 0.15)))
    )
    (fp_text value 10m (at 0 1.65 90) (layer F.Fab)
      (effects (font (size 1 1) (thickness 0.15)))
    )
    (fp_line (start 1.68 0.95) (end -1.68 0.95) (layer F.CrtYd) (width 0.05))
    (fp_line (start 1.68 -0.95) (end 1.68 0.95) (layer F.CrtYd) (width 0.05))
    (fp_line (start -1.68 -0.95) (end 1.68 -0.95) (layer F.CrtYd) (width 0.05))
    (fp_line (start -1.68 0.95) (end -1.68 -0.95) (layer F.CrtYd) (width 0.05))
    (fp_line (start -0.258578 0.71) (end 0.258578 0.71) (layer F.SilkS) (width 0.12))
    (fp_line (start -0.258578 -0.71) (end 0.258578 -0.71) (layer F.SilkS) (width 0.12))
    (fp_line (start 1 0.6) (end -1 0.6) (layer F.Fab) (width 0.1))
    (fp_line (start 1 -0.6) (end 1 0.6) (layer F.Fab) (width 0.1))
    (fp_line (start -1 -0.6) (end 1 -0.6) (layer F.Fab) (width 0.1))
    (fp_line (start -1 0.6) (end -1 -0.6) (layer F.Fab) (width 0.1))
    (fp_text user %R (at 2.1082 0 180) (layer F.Fab)
      (effects (font (size 0.5 0.5) (thickness 0.08)))
    )
    (pad 1 smd roundrect (at -0.9375 0 90) (size 0.975 1.4) (layers F.Cu F.Paste F.Mask) (roundrect_rratio 0.25)
      (net 4 "Net-(IC1-Pad2)"))
    (pad 2 smd roundrect (at 0.9375 0 90) (size 0.975 1.4) (layers F.Cu F.Paste F.Mask) (roundrect_rratio 0.25)
      (net 2 GND))
    (model ${KISYS3DMOD}/Resistor_SMD.3dshapes/R_0805_2012Metric.wrl
      (at (xyz 0 0 0))
      (scale (xyz 1 1 1))
      (rotate (xyz 0 0 0))
    )
  )

  (module 1043 (layer F.Cu) (tedit 0) (tstamp 60C27C17)
    (at 144.9832 146.177 90)
    (descr 1043-3)
    (tags "Undefined or Miscellaneous")
    (path /60C1479D)
    (fp_text reference U1 (at 35.413 0 90) (layer F.SilkS)
      (effects (font (size 1.27 1.27) (thickness 0.254)))
    )
    (fp_text value 1043 (at 35.413 0 90) (layer F.SilkS) hide
      (effects (font (size 1.27 1.27) (thickness 0.254)))
    )
    (fp_line (start -3.8 0.25) (end -3.8 0.25) (layer F.SilkS) (width 0.2))
    (fp_line (start -3.7 0.25) (end -3.7 0.25) (layer F.SilkS) (width 0.2))
    (fp_line (start -3.8 0.25) (end -3.8 0.25) (layer F.SilkS) (width 0.2))
    (fp_line (start -2.425 -10.325) (end -2.425 10.325) (layer F.SilkS) (width 0.1))
    (fp_line (start -2.425 -10.325) (end -2.425 -10.325) (layer F.SilkS) (width 0.1))
    (fp_line (start -2.425 10.325) (end -2.425 -10.325) (layer F.SilkS) (width 0.1))
    (fp_line (start -2.425 10.325) (end -2.425 10.325) (layer F.SilkS) (width 0.1))
    (fp_line (start 74.625 10.325) (end 74.625 -10.325) (layer F.SilkS) (width 0.1))
    (fp_line (start 74.625 10.325) (end 74.625 10.325) (layer F.SilkS) (width 0.1))
    (fp_line (start 74.625 -10.325) (end 74.625 10.325) (layer F.SilkS) (width 0.1))
    (fp_line (start 74.625 -10.325) (end 74.625 -10.325) (layer F.SilkS) (width 0.1))
    (fp_line (start -4.8 11.532) (end -4.8 -11.533) (layer F.CrtYd) (width 0.1))
    (fp_line (start 75.625 11.532) (end -4.8 11.532) (layer F.CrtYd) (width 0.1))
    (fp_line (start 75.625 -11.533) (end 75.625 11.532) (layer F.CrtYd) (width 0.1))
    (fp_line (start -4.8 -11.533) (end 75.625 -11.533) (layer F.CrtYd) (width 0.1))
    (fp_line (start 6.71 10.325) (end 6.71 10.325) (layer F.SilkS) (width 0.1))
    (fp_line (start -2.425 10.325) (end 6.71 10.325) (layer F.SilkS) (width 0.1))
    (fp_line (start -2.425 10.325) (end -2.425 10.325) (layer F.SilkS) (width 0.1))
    (fp_line (start 6.71 10.325) (end -2.425 10.325) (layer F.SilkS) (width 0.1))
    (fp_line (start 74.625 10.325) (end 74.625 10.325) (layer F.SilkS) (width 0.1))
    (fp_line (start 10.46 10.325) (end 74.625 10.325) (layer F.SilkS) (width 0.1))
    (fp_line (start 10.46 10.325) (end 10.46 10.325) (layer F.SilkS) (width 0.1))
    (fp_line (start 74.625 10.325) (end 10.46 10.325) (layer F.SilkS) (width 0.1))
    (fp_line (start 65.71 -10.325) (end 65.71 -10.325) (layer F.SilkS) (width 0.1))
    (fp_line (start 74.625 -10.325) (end 65.71 -10.325) (layer F.SilkS) (width 0.1))
    (fp_line (start 74.625 -10.325) (end 74.625 -10.325) (layer F.SilkS) (width 0.1))
    (fp_line (start 65.71 -10.325) (end 74.625 -10.325) (layer F.SilkS) (width 0.1))
    (fp_line (start -2.425 -10.325) (end -2.425 -10.325) (layer F.SilkS) (width 0.1))
    (fp_line (start 61.96 -10.325) (end -2.425 -10.325) (layer F.SilkS) (width 0.1))
    (fp_line (start 61.96 -10.325) (end 61.96 -10.325) (layer F.SilkS) (width 0.1))
    (fp_line (start -2.425 -10.325) (end 61.96 -10.325) (layer F.SilkS) (width 0.1))
    (fp_line (start -2.425 -10.325) (end -2.425 10.325) (layer F.Fab) (width 0.2))
    (fp_line (start 74.625 -10.325) (end -2.425 -10.325) (layer F.Fab) (width 0.2))
    (fp_line (start 74.625 10.325) (end 74.625 -10.325) (layer F.Fab) (width 0.2))
    (fp_line (start -2.425 10.325) (end 74.625 10.325) (layer F.Fab) (width 0.2))
    (fp_text user %R (at 35.413 0 90) (layer F.Fab)
      (effects (font (size 1.27 1.27) (thickness 0.254)))
    )
    (fp_arc (start -3.75 0.25) (end -3.8 0.25) (angle -180) (layer F.SilkS) (width 0.2))
    (fp_arc (start -3.75 0.25) (end -3.7 0.25) (angle -180) (layer F.SilkS) (width 0.2))
    (fp_arc (start -3.75 0.25) (end -3.8 0.25) (angle -180) (layer F.SilkS) (width 0.2))
    (pad 1 thru_hole circle (at 0 0 90) (size 1.98 1.98) (drill 1.32) (layers *.Cu *.Mask)
      (net 11 /Pack))
    (pad 2 thru_hole circle (at 72.2 0 90) (size 1.98 1.98) (drill 1.32) (layers *.Cu *.Mask)
      (net 4 "Net-(IC1-Pad2)"))
    (pad MH1 thru_hole circle (at 8.64 7.87 90) (size 5.325 5.325) (drill 3.55) (layers *.Cu *.Mask)
      (net 13 "Net-(U1-PadMH1)"))
    (pad MH2 thru_hole circle (at 72.2 7.87 90) (size 3.585 3.585) (drill 2.39) (layers *.Cu *.Mask)
      (net 14 "Net-(U1-PadMH2)"))
    (pad MH3 thru_hole circle (at 63.84 -7.87 90) (size 5.325 5.325) (drill 3.55) (layers *.Cu *.Mask)
      (net 15 "Net-(U1-PadMH3)"))
    (model C:\SamacSys_PCB_Library\KiCad\SamacSys_Parts.3dshapes\1043.stp
      (at (xyz 0 0 0))
      (scale (xyz 1 1 1))
      (rotate (xyz 0 0 0))
    )
  )

  (module Resistor_SMD:R_0402_1005Metric (layer F.Cu) (tedit 5B301BBD) (tstamp 60C29A77)
    (at 145.0086 82.296 270)
    (descr "Resistor SMD 0402 (1005 Metric), square (rectangular) end terminal, IPC_7351 nominal, (Body size source: http://www.tortai-tech.com/upload/download/2011102023233369053.pdf), generated with kicad-footprint-generator")
    (tags resistor)
    (path /60C2C5BD)
    (attr smd)
    (fp_text reference TH1 (at -1.5748 0 180) (layer F.SilkS)
      (effects (font (size 1 1) (thickness 0.15)))
    )
    (fp_text value 10k (at 0 1.17 90) (layer F.Fab)
      (effects (font (size 1 1) (thickness 0.15)))
    )
    (fp_line (start 0.93 0.47) (end -0.93 0.47) (layer F.CrtYd) (width 0.05))
    (fp_line (start 0.93 -0.47) (end 0.93 0.47) (layer F.CrtYd) (width 0.05))
    (fp_line (start -0.93 -0.47) (end 0.93 -0.47) (layer F.CrtYd) (width 0.05))
    (fp_line (start -0.93 0.47) (end -0.93 -0.47) (layer F.CrtYd) (width 0.05))
    (fp_line (start 0.5 0.25) (end -0.5 0.25) (layer F.Fab) (width 0.1))
    (fp_line (start 0.5 -0.25) (end 0.5 0.25) (layer F.Fab) (width 0.1))
    (fp_line (start -0.5 -0.25) (end 0.5 -0.25) (layer F.Fab) (width 0.1))
    (fp_line (start -0.5 0.25) (end -0.5 -0.25) (layer F.Fab) (width 0.1))
    (fp_text user %R (at -1.1938 0 180) (layer F.Fab)
      (effects (font (size 0.25 0.25) (thickness 0.04)))
    )
    (pad 1 smd roundrect (at -0.485 0 270) (size 0.59 0.64) (layers F.Cu F.Paste F.Mask) (roundrect_rratio 0.25)
      (net 6 "Net-(IC1-Pad9)"))
    (pad 2 smd roundrect (at 0.485 0 270) (size 0.59 0.64) (layers F.Cu F.Paste F.Mask) (roundrect_rratio 0.25)
      (net 2 GND))
    (model ${KISYS3DMOD}/Resistor_SMD.3dshapes/R_0402_1005Metric.wrl
      (at (xyz 0 0 0))
      (scale (xyz 1 1 1))
      (rotate (xyz 0 0 0))
    )
  )

  (via (at 145.042327 63.263723) (size 0.8) (drill 0.4) (layers F.Cu B.Cu) (net 1) (tstamp 60C29A94))
  (segment (start 145.042327 63.263723) (end 145.33305 62.973) (width 0.2) (layer F.Cu) (net 1) (tstamp 60C29B42))
  (segment (start 145.034 63.27205) (end 145.042327 63.263723) (width 0.2) (layer B.Cu) (net 1) (tstamp 60C29B45))
  (segment (start 145.33305 62.973) (end 146.4296 62.973) (width 0.2) (layer F.Cu) (net 1) (tstamp 60C29B48))
  (segment (start 142.64705 65.659) (end 142.6464 65.659) (width 0.2) (layer B.Cu) (net 1) (tstamp 60C29B09))
  (segment (start 145.042327 63.263723) (end 142.64705 65.659) (width 0.2) (layer B.Cu) (net 1) (tstamp 60C29AC1))
  (segment (start 142.6464 65.659) (end 142.1384 66.167) (width 0.2) (layer B.Cu) (net 1) (tstamp 60C29B21))
  (via (at 142.1384 66.167) (size 0.8) (drill 0.4) (layers F.Cu B.Cu) (net 1) (tstamp 60C29887))
  (segment (start 142.1384 66.167) (end 141.1201 67.1853) (width 0.2) (layer F.Cu) (net 1) (tstamp 60C29B18))
  (segment (start 141.1201 67.1853) (end 140.8684 67.1853) (width 0.2) (layer F.Cu) (net 1) (tstamp 60C29B2A))
  (segment (start 146.4296 63.373) (end 147.9296 63.373) (width 0.2) (layer F.Cu) (net 2) (tstamp 60C29A97))
  (segment (start 146.4296 63.373) (end 145.923 63.373) (width 0.2) (layer F.Cu) (net 2) (tstamp 60C29AA6))
  (segment (start 144.9855 64.3105) (end 143.3576 64.3105) (width 0.2) (layer F.Cu) (net 2) (tstamp 60C29AA3))
  (segment (start 145.923 63.373) (end 144.9855 64.3105) (width 0.2) (layer F.Cu) (net 2) (tstamp 60C29A9D))
  (segment (start 146.4296 64.573) (end 146.4296 64.173) (width 0.2) (layer F.Cu) (net 3) (tstamp 60C29A9A))
  (segment (start 146.4296 64.173) (end 146.4296 63.773) (width 0.2) (layer F.Cu) (net 3) (tstamp 60C29AA0))
  (segment (start 143.629388 62.163712) (end 143.3576 62.4355) (width 0.2) (layer F.Cu) (net 3) (tstamp 60C29AFD))
  (segment (start 145.544017 62.163712) (end 143.629388 62.163712) (width 0.2) (layer F.Cu) (net 3) (tstamp 60C29B03))
  (segment (start 145.553305 62.173) (end 145.544017 62.163712) (width 0.2) (layer F.Cu) (net 3) (tstamp 60C29B06))
  (segment (start 146.4296 62.173) (end 145.553305 62.173) (width 0.2) (layer F.Cu) (net 3) (tstamp 60C29B00))
  (segment (start 149.4296 62.573) (end 151.5238 62.573) (width 0.2) (layer F.Cu) (net 3) (tstamp 60C29B3C))
  (segment (start 151.5238 62.573) (end 152.2984 63.3476) (width 0.2) (layer F.Cu) (net 3) (tstamp 60C29B15))
  (segment (start 152.2984 63.3476) (end 154.4828 63.3476) (width 0.2) (layer F.Cu) (net 3) (tstamp 60C29B2D))
  (segment (start 154.4828 63.3476) (end 154.9654 62.865) (width 0.2) (layer F.Cu) (net 3) (tstamp 60C29B30))
  (segment (start 154.376884 61.62259) (end 146.98001 61.62259) (width 0.2) (layer F.Cu) (net 3) (tstamp 60C29B33))
  (segment (start 146.98001 61.62259) (end 146.4296 62.173) (width 0.2) (layer F.Cu) (net 3) (tstamp 60C29B12))
  (segment (start 154.9654 62.211106) (end 154.376884 61.62259) (width 0.2) (layer F.Cu) (net 3) (tstamp 60C29B24))
  (segment (start 154.9654 62.865) (end 154.9654 62.211106) (width 0.2) (layer F.Cu) (net 3) (tstamp 60C29B36))
  (segment (start 142.113 61.3918) (end 141.9121 61.3918) (width 0.2) (layer F.Cu) (net 3) (tstamp 60C29B0C))
  (segment (start 143.3576 62.4355) (end 143.3576 61.9252) (width 0.2) (layer F.Cu) (net 3) (tstamp 60C29B6C))
  (segment (start 142.8242 61.3918) (end 142.113 61.3918) (width 0.2) (layer F.Cu) (net 3) (tstamp 60C29B69))
  (segment (start 143.3576 61.9252) (end 142.8242 61.3918) (width 0.2) (layer F.Cu) (net 3) (tstamp 60C29B66))
  (segment (start 140.8684 62.4355) (end 143.3576 62.4355) (width 0.9) (layer F.Cu) (net 3) (tstamp 60C29B3F))
  (segment (start 146.4296 64.573) (end 145.877 65.1256) (width 0.2) (layer F.Cu) (net 3) (tstamp 60C29B0F))
  (segment (start 145.877 65.1256) (end 142.1384 65.1256) (width 0.2) (layer F.Cu) (net 3) (tstamp 60C29B39))
  (segment (start 140.8938 63.881) (end 140.8938 62.611) (width 0.2) (layer B.Cu) (net 3) (tstamp 60C29B1B))
  (segment (start 140.8938 62.611) (end 142.113 61.3918) (width 0.2) (layer B.Cu) (net 3) (tstamp 60C29B1E))
  (segment (start 142.1384 65.1256) (end 140.8938 63.881) (width 0.2) (layer B.Cu) (net 3) (tstamp 60C29B27))
  (via (at 142.113 61.3918) (size 0.8) (drill 0.4) (layers F.Cu B.Cu) (net 3) (tstamp 60C29884))
  (via (at 142.1384 65.1256) (size 0.8) (drill 0.4) (layers F.Cu B.Cu) (net 3) (tstamp 60C2988A))
  (segment (start 145.387606 62.573) (end 145.378328 62.563722) (width 0.2) (layer F.Cu) (net 4) (tstamp 60C29AAC))
  (segment (start 143.889094 63.373) (end 139.2659 63.373) (width 0.2) (layer F.Cu) (net 4) (tstamp 60C29AFA))
  (segment (start 145.378328 62.563722) (end 144.698372 62.563722) (width 0.2) (layer F.Cu) (net 4) (tstamp 60C29ADF))
  (segment (start 146.4296 62.573) (end 145.387606 62.573) (width 0.2) (layer F.Cu) (net 4) (tstamp 60C29AE5))
  (segment (start 144.698372 62.563722) (end 143.889094 63.373) (width 0.2) (layer F.Cu) (net 4) (tstamp 60C29ADC))
  (segment (start 139.2659 63.373) (end 138.3284 64.3105) (width 0.2) (layer F.Cu) (net 4))
  (segment (start 137.1092 65.5297) (end 138.3284 64.3105) (width 0.9) (layer F.Cu) (net 4))
  (segment (start 137.1092 71.0438) (end 137.1092 65.5297) (width 0.9) (layer F.Cu) (net 4))
  (segment (start 144.9832 73.977) (end 140.0424 73.977) (width 0.9) (layer F.Cu) (net 4))
  (segment (start 140.0424 73.977) (end 137.1092 71.0438) (width 0.9) (layer F.Cu) (net 4))
  (segment (start 148.1404 65.8622) (end 149.4296 64.573) (width 0.2) (layer F.Cu) (net 5) (tstamp 60C29ABE))
  (segment (start 146.5557 65.8622) (end 148.1404 65.8622) (width 0.2) (layer F.Cu) (net 5) (tstamp 60C29AF7))
  (segment (start 143.3576 69.0603) (end 146.5557 65.8622) (width 0.2) (layer F.Cu) (net 5) (tstamp 60C29AAF))
  (via (at 150.4696 64.1604) (size 0.8) (drill 0.4) (layers F.Cu B.Cu) (net 6) (tstamp 60C29890))
  (segment (start 149.4296 64.173) (end 150.457 64.173) (width 0.2) (layer F.Cu) (net 6) (tstamp 60C29AF1))
  (segment (start 150.457 64.173) (end 150.4696 64.1604) (width 0.2) (layer F.Cu) (net 6) (tstamp 60C29AB8))
  (via (at 152.3238 64.1604) (size 0.8) (drill 0.4) (layers F.Cu B.Cu) (net 6) (tstamp 60C2988D))
  (segment (start 150.4696 64.1604) (end 152.3238 64.1604) (width 0.2) (layer B.Cu) (net 6) (tstamp 60C29AF4))
  (segment (start 153.5707 64.1604) (end 153.6954 64.2851) (width 0.2) (layer F.Cu) (net 6) (tstamp 60C29ABB))
  (segment (start 152.3238 64.1604) (end 153.5707 64.1604) (width 0.2) (layer F.Cu) (net 6) (tstamp 60C29AE8))
  (segment (start 145.0086 81.811) (end 135.509 72.3114) (width 0.5) (layer F.Cu) (net 6))
  (segment (start 135.509 72.3114) (end 135.509 63.0174) (width 0.5) (layer F.Cu) (net 6))
  (segment (start 137.984601 60.541799) (end 154.572599 60.541799) (width 0.5) (layer F.Cu) (net 6))
  (segment (start 135.509 63.0174) (end 137.984601 60.541799) (width 0.5) (layer F.Cu) (net 6))
  (segment (start 154.572599 60.541799) (end 155.8798 61.849) (width 0.5) (layer F.Cu) (net 6))
  (segment (start 154.32313 64.2851) (end 153.6954 64.2851) (width 0.5) (layer F.Cu) (net 6))
  (segment (start 155.8798 62.72843) (end 154.32313 64.2851) (width 0.5) (layer F.Cu) (net 6))
  (segment (start 155.8798 61.849) (end 155.8798 62.72843) (width 0.5) (layer F.Cu) (net 6))
  (segment (start 149.4296 63.373) (end 150.718202 63.373) (width 0.2) (layer F.Cu) (net 8) (tstamp 60C29ACA))
  (segment (start 151.1808 63.835598) (end 151.1808 66.596894) (width 0.2) (layer F.Cu) (net 8) (tstamp 60C29ACD))
  (segment (start 151.1808 66.596894) (end 149.654894 68.1228) (width 0.2) (layer F.Cu) (net 8) (tstamp 60C29AD3))
  (segment (start 150.718202 63.373) (end 151.1808 63.835598) (width 0.2) (layer F.Cu) (net 8) (tstamp 60C29AD9))
  (segment (start 147.6733 68.1228) (end 146.7358 69.0603) (width 0.2) (layer F.Cu) (net 8) (tstamp 60C29AC7))
  (segment (start 149.654894 68.1228) (end 147.6733 68.1228) (width 0.2) (layer F.Cu) (net 8) (tstamp 60C29AC4))
  (segment (start 146.7358 71.5222) (end 151.68311 76.469511) (width 0.2) (layer F.Cu) (net 8))
  (segment (start 146.7358 69.0603) (end 146.7358 71.5222) (width 0.2) (layer F.Cu) (net 8))
  (segment (start 151.68311 76.469511) (end 153.2636 76.469511) (width 0.2) (layer F.Cu) (net 8))
  (segment (start 150.8839 62.973) (end 151.58081 63.669909) (width 0.2) (layer F.Cu) (net 9) (tstamp 60C29AD0))
  (segment (start 149.4296 62.973) (end 150.8839 62.973) (width 0.2) (layer F.Cu) (net 9) (tstamp 60C29AD6))
  (segment (start 149.283093 69.0603) (end 149.1234 69.0603) (width 0.2) (layer F.Cu) (net 9) (tstamp 60C29AEE))
  (segment (start 151.58081 66.762583) (end 149.283093 69.0603) (width 0.2) (layer F.Cu) (net 9) (tstamp 60C29AB2))
  (segment (start 151.58081 63.669909) (end 151.58081 66.762583) (width 0.2) (layer F.Cu) (net 9) (tstamp 60C29AEB))
  (segment (start 149.1234 73.344102) (end 151.848799 76.069501) (width 0.2) (layer F.Cu) (net 9))
  (segment (start 149.1234 69.0603) (end 149.1234 73.344102) (width 0.2) (layer F.Cu) (net 9))
  (segment (start 151.848799 76.069501) (end 153.285501 76.069501) (width 0.2) (layer F.Cu) (net 9))
  (segment (start 153.4583 62.173) (end 153.6954 62.4101) (width 0.2) (layer F.Cu) (net 10) (tstamp 60C29AB5))
  (segment (start 149.4296 62.173) (end 153.4583 62.173) (width 0.2) (layer F.Cu) (net 10) (tstamp 60C29AA9))
  (segment (start 139.51839 65.66051) (end 139.51839 65.66281) (width 0.9) (layer F.Cu) (net 11))
  (segment (start 140.8684 64.3105) (end 139.51839 65.66051) (width 0.9) (layer F.Cu) (net 11))
  (segment (start 139.51839 65.66281) (end 139.192 65.9892) (width 0.9) (layer F.Cu) (net 11))
  (segment (start 139.192 65.9892) (end 139.192 70.0278) (width 0.9) (layer F.Cu) (net 11))
  (segment (start 139.192 70.0278) (end 140.7922 71.628) (width 0.9) (layer F.Cu) (net 11))
  (segment (start 140.7922 71.628) (end 145.4658 71.628) (width 0.9) (layer F.Cu) (net 11))
  (segment (start 145.4658 71.628) (end 147.0152 73.1774) (width 0.9) (layer F.Cu) (net 11))
  (segment (start 147.0152 144.145) (end 144.9832 146.177) (width 0.9) (layer F.Cu) (net 11))
  (segment (start 147.0152 73.1774) (end 147.0152 144.145) (width 0.9) (layer F.Cu) (net 11))
  (segment (start 149.1234 67.1853) (end 146.7358 67.1853) (width 0.9) (layer F.Cu) (net 12) (tstamp 60C29B5A))
  (via (at 145.0848 68.8594) (size 0.8) (drill 0.4) (layers F.Cu B.Cu) (net 12) (tstamp 60C29B60))
  (segment (start 146.7358 67.1853) (end 146.7358 67.2084) (width 0.25) (layer F.Cu) (net 12) (tstamp 60C29B5D))
  (segment (start 146.7358 67.2084) (end 145.0848 68.8594) (width 0.25) (layer F.Cu) (net 12) (tstamp 60C29B4B))
  (via (at 145.0848 66.167) (size 0.8) (drill 0.4) (layers F.Cu B.Cu) (net 12) (tstamp 60C29B63))
