(kicad_pcb (version 20171130) (host pcbnew "(5.1.6)-1")

  (general
    (thickness 1.6)
    (drawings 0)
    (tracks 69)
    (zones 0)
    (modules 8)
    (nets 9)
  )

  (page A4)
  (layers
    (0 F.Cu signal)
    (31 B.Cu signal)
    (32 B.Adhes user)
    (33 F.Adhes user)
    (34 B.Paste user)
    (35 F.Paste user)
    (36 B.SilkS user)
    (37 F.SilkS user)
    (38 B.Mask user)
    (39 F.Mask user)
    (40 Dwgs.User user)
    (41 Cmts.User user)
    (42 Eco1.User user)
    (43 Eco2.User user)
    (44 Edge.Cuts user)
    (45 Margin user)
    (46 B.CrtYd user)
    (47 F.CrtYd user)
    (48 B.Fab user)
    (49 F.Fab user)
  )

  (setup
    (last_trace_width 0.3)
    (user_trace_width 0.3)
    (user_trace_width 0.9)
    (user_trace_width 1.2)
    (trace_clearance 0.2)
    (zone_clearance 0.508)
    (zone_45_only no)
    (trace_min 0.2)
    (via_size 0.8)
    (via_drill 0.4)
    (via_min_size 0.4)
    (via_min_drill 0.3)
    (uvia_size 0.3)
    (uvia_drill 0.1)
    (uvias_allowed no)
    (uvia_min_size 0.2)
    (uvia_min_drill 0.1)
    (edge_width 0.05)
    (segment_width 0.2)
    (pcb_text_width 0.3)
    (pcb_text_size 1.5 1.5)
    (mod_edge_width 0.12)
    (mod_text_size 1 1)
    (mod_text_width 0.15)
    (pad_size 1.524 1.524)
    (pad_drill 0.762)
    (pad_to_mask_clearance 0.05)
    (aux_axis_origin 0 0)
    (visible_elements 7FFFFFFF)
    (pcbplotparams
      (layerselection 0x010fc_ffffffff)
      (usegerberextensions false)
      (usegerberattributes true)
      (usegerberadvancedattributes true)
      (creategerberjobfile true)
      (excludeedgelayer true)
      (linewidth 0.100000)
      (plotframeref false)
      (viasonmask false)
      (mode 1)
      (useauxorigin false)
      (hpglpennumber 1)
      (hpglpenspeed 20)
      (hpglpendiameter 15.000000)
      (psnegative false)
      (psa4output false)
      (plotreference true)
      (plotvalue true)
      (plotinvisibletext false)
      (padsonsilk false)
      (subtractmaskfromsilk false)
      (outputformat 1)
      (mirror false)
      (drillshape 1)
      (scaleselection 1)
      (outputdirectory ""))
  )

  (net 0 "")
  (net 1 GND)
  (net 2 /Pack)
  (net 3 +5V)
  (net 4 "Net-(IC1-Pad2)")
  (net 5 "Net-(IC1-Pad3)")
  (net 6 "Net-(IC1-Pad9)")
  (net 7 "Net-(IC1-Pad12)")
  (net 8 "Net-(IC1-Pad14)")

  (net_class Default "This is the default net class."
    (clearance 0.2)
    (trace_width 0.25)
    (via_dia 0.8)
    (via_drill 0.4)
    (uvia_dia 0.3)
    (uvia_drill 0.1)
    (add_net +5V)
    (add_net /Pack)
    (add_net GND)
    (add_net "Net-(IC1-Pad12)")
    (add_net "Net-(IC1-Pad14)")
    (add_net "Net-(IC1-Pad2)")
    (add_net "Net-(IC1-Pad3)")
    (add_net "Net-(IC1-Pad9)")
  )

  (module Capacitor_SMD:C_0805_2012Metric (layer F.Cu) (tedit 5B36C52B) (tstamp 60C4780F)
    (at 175.8188 86.6267 270)
    (descr "Capacitor SMD 0805 (2012 Metric), square (rectangular) end terminal, IPC_7351 nominal, (Body size source: https://docs.google.com/spreadsheets/d/1BsfQQcO9C6DZCsRaXUlFlo91Tg2WpOkGARC1WS5S8t0/edit?usp=sharing), generated with kicad-footprint-generator")
    (tags capacitor)
    (path /60C4711C)
    (attr smd)
    (fp_text reference C1 (at -2.2225 0 180) (layer F.SilkS)
      (effects (font (size 1 1) (thickness 0.15)))
    )
    (fp_text value 10u (at 0 1.65 90) (layer F.Fab)
      (effects (font (size 1 1) (thickness 0.15)))
    )
    (fp_line (start -1 0.6) (end -1 -0.6) (layer F.Fab) (width 0.1))
    (fp_line (start -1 -0.6) (end 1 -0.6) (layer F.Fab) (width 0.1))
    (fp_line (start 1 -0.6) (end 1 0.6) (layer F.Fab) (width 0.1))
    (fp_line (start 1 0.6) (end -1 0.6) (layer F.Fab) (width 0.1))
    (fp_line (start -0.258578 -0.71) (end 0.258578 -0.71) (layer F.SilkS) (width 0.12))
    (fp_line (start -0.258578 0.71) (end 0.258578 0.71) (layer F.SilkS) (width 0.12))
    (fp_line (start -1.68 0.95) (end -1.68 -0.95) (layer F.CrtYd) (width 0.05))
    (fp_line (start -1.68 -0.95) (end 1.68 -0.95) (layer F.CrtYd) (width 0.05))
    (fp_line (start 1.68 -0.95) (end 1.68 0.95) (layer F.CrtYd) (width 0.05))
    (fp_line (start 1.68 0.95) (end -1.68 0.95) (layer F.CrtYd) (width 0.05))
    (fp_text user %R (at -2.032 0 180) (layer F.Fab)
      (effects (font (size 0.5 0.5) (thickness 0.08)))
    )
    (pad 2 smd roundrect (at 0.9375 0 270) (size 0.975 1.4) (layers F.Cu F.Paste F.Mask) (roundrect_rratio 0.25)
      (net 1 GND))
    (pad 1 smd roundrect (at -0.9375 0 270) (size 0.975 1.4) (layers F.Cu F.Paste F.Mask) (roundrect_rratio 0.25)
      (net 2 /Pack))
    (model ${KISYS3DMOD}/Capacitor_SMD.3dshapes/C_0805_2012Metric.wrl
      (at (xyz 0 0 0))
      (scale (xyz 1 1 1))
      (rotate (xyz 0 0 0))
    )
  )

  (module SamacSys_Parts:CAPPM3528X210N (layer F.Cu) (tedit 0) (tstamp 60C4DF9E)
    (at 184.3278 91.8972 90)
    (descr "3528-21-(H=1.9mm)")
    (tags "Capacitor Polarised")
    (path /60C4388C)
    (attr smd)
    (fp_text reference C3 (at 3.3274 0 180) (layer F.SilkS)
      (effects (font (size 1.27 1.27) (thickness 0.254)))
    )
    (fp_text value 100u (at 0 2.3368 270) (layer F.SilkS) hide
      (effects (font (size 1.27 1.27) (thickness 0.254)))
    )
    (fp_line (start -1.75 1.4) (end 1.75 1.4) (layer F.SilkS) (width 0.2))
    (fp_line (start 1.75 -1.4) (end -2.35 -1.4) (layer F.SilkS) (width 0.2))
    (fp_line (start -1.75 -0.5) (end -0.85 -1.4) (layer F.Fab) (width 0.1))
    (fp_line (start -1.75 1.4) (end -1.75 -1.4) (layer F.Fab) (width 0.1))
    (fp_line (start 1.75 1.4) (end -1.75 1.4) (layer F.Fab) (width 0.1))
    (fp_line (start 1.75 -1.4) (end 1.75 1.4) (layer F.Fab) (width 0.1))
    (fp_line (start -1.75 -1.4) (end 1.75 -1.4) (layer F.Fab) (width 0.1))
    (fp_line (start -2.6 1.75) (end -2.6 -1.75) (layer F.CrtYd) (width 0.05))
    (fp_line (start 2.6 1.75) (end -2.6 1.75) (layer F.CrtYd) (width 0.05))
    (fp_line (start 2.6 -1.75) (end 2.6 1.75) (layer F.CrtYd) (width 0.05))
    (fp_line (start -2.6 -1.75) (end 2.6 -1.75) (layer F.CrtYd) (width 0.05))
    (fp_text user %R (at 3.3274 0 180) (layer F.Fab)
      (effects (font (size 1.27 1.27) (thickness 0.254)))
    )
    (pad 1 smd rect (at -1.45 0 90) (size 1.8 2.25) (layers F.Cu F.Paste F.Mask)
      (net 3 +5V))
    (pad 2 smd rect (at 1.45 0 90) (size 1.8 2.25) (layers F.Cu F.Paste F.Mask)
      (net 1 GND))
    (model C:\SamacSys_PCB_Library\KiCad\SamacSys_Parts.3dshapes\T598B107M004ATE045.stp
      (at (xyz 0 0 0))
      (scale (xyz 1 1 1))
      (rotate (xyz 0 0 0))
    )
  )

  (module SamacSys_Parts:QFN65P400X400X100-17N (layer F.Cu) (tedit 0) (tstamp 60C4E4CB)
    (at 175.8188 91.8972 180)
    (descr "RSA (S-PVQFN-N16)")
    (tags "Integrated Circuit")
    (path /60C41115)
    (attr smd)
    (fp_text reference IC1 (at 0 -3.5687) (layer F.SilkS)
      (effects (font (size 1.27 1.27) (thickness 0.254)))
    )
    (fp_text value TPS61092RSAR (at -0.0254 -3.6195) (layer F.SilkS) hide
      (effects (font (size 1.27 1.27) (thickness 0.254)))
    )
    (fp_circle (center -2.4005 -1.95) (end -2.4005 -1.7875) (layer F.SilkS) (width 0.325))
    (fp_line (start -2 -1.35) (end -1.35 -2) (layer F.Fab) (width 0.1))
    (fp_line (start -2 2) (end -2 -2) (layer F.Fab) (width 0.1))
    (fp_line (start 2 2) (end -2 2) (layer F.Fab) (width 0.1))
    (fp_line (start 2 -2) (end 2 2) (layer F.Fab) (width 0.1))
    (fp_line (start -2 -2) (end 2 -2) (layer F.Fab) (width 0.1))
    (fp_line (start -2.625 2.625) (end -2.625 -2.625) (layer F.CrtYd) (width 0.05))
    (fp_line (start 2.625 2.625) (end -2.625 2.625) (layer F.CrtYd) (width 0.05))
    (fp_line (start 2.625 -2.625) (end 2.625 2.625) (layer F.CrtYd) (width 0.05))
    (fp_line (start -2.625 -2.625) (end 2.625 -2.625) (layer F.CrtYd) (width 0.05))
    (fp_text user %R (at 0 -3.5687) (layer F.Fab)
      (effects (font (size 1.27 1.27) (thickness 0.254)))
    )
    (pad 1 smd rect (at -2 -0.975 270) (size 0.35 0.8) (layers F.Cu F.Paste F.Mask)
      (net 3 +5V))
    (pad 2 smd rect (at -2 -0.325 270) (size 0.35 0.8) (layers F.Cu F.Paste F.Mask)
      (net 4 "Net-(IC1-Pad2)"))
    (pad 3 smd rect (at -2 0.325 270) (size 0.35 0.8) (layers F.Cu F.Paste F.Mask)
      (net 5 "Net-(IC1-Pad3)"))
    (pad 4 smd rect (at -2 0.975 270) (size 0.35 0.8) (layers F.Cu F.Paste F.Mask)
      (net 5 "Net-(IC1-Pad3)"))
    (pad 5 smd rect (at -0.975 2 180) (size 0.35 0.8) (layers F.Cu F.Paste F.Mask)
      (net 1 GND))
    (pad 6 smd rect (at -0.325 2 180) (size 0.35 0.8) (layers F.Cu F.Paste F.Mask)
      (net 1 GND))
    (pad 7 smd rect (at 0.325 2 180) (size 0.35 0.8) (layers F.Cu F.Paste F.Mask)
      (net 1 GND))
    (pad 8 smd rect (at 0.975 2 180) (size 0.35 0.8) (layers F.Cu F.Paste F.Mask)
      (net 2 /Pack))
    (pad 9 smd rect (at 2 0.975 270) (size 0.35 0.8) (layers F.Cu F.Paste F.Mask)
      (net 6 "Net-(IC1-Pad9)"))
    (pad 10 smd rect (at 2 0.325 270) (size 0.35 0.8) (layers F.Cu F.Paste F.Mask)
      (net 1 GND))
    (pad 11 smd rect (at 2 -0.325 270) (size 0.35 0.8) (layers F.Cu F.Paste F.Mask)
      (net 2 /Pack))
    (pad 12 smd rect (at 2 -0.975 270) (size 0.35 0.8) (layers F.Cu F.Paste F.Mask)
      (net 7 "Net-(IC1-Pad12)"))
    (pad 13 smd rect (at 0.975 -2 180) (size 0.35 0.8) (layers F.Cu F.Paste F.Mask)
      (net 1 GND))
    (pad 14 smd rect (at 0.325 -2 180) (size 0.35 0.8) (layers F.Cu F.Paste F.Mask)
      (net 8 "Net-(IC1-Pad14)"))
    (pad 15 smd rect (at -0.325 -2 180) (size 0.35 0.8) (layers F.Cu F.Paste F.Mask)
      (net 3 +5V))
    (pad 16 smd rect (at -0.975 -2 180) (size 0.35 0.8) (layers F.Cu F.Paste F.Mask)
      (net 3 +5V))
    (pad 17 smd rect (at 0 0 180) (size 2.8 2.8) (layers F.Cu F.Paste F.Mask)
      (net 1 GND))
    (model C:\SamacSys_PCB_Library\KiCad\SamacSys_Parts.3dshapes\TPS61092RSAR.stp
      (at (xyz 0 0 0))
      (scale (xyz 1 1 1))
      (rotate (xyz 0 0 0))
    )
  )

  (module Resistor_SMD:R_0805_2012Metric (layer F.Cu) (tedit 5B36C52B) (tstamp 60C47874)
    (at 171.8691 86.6267 270)
    (descr "Resistor SMD 0805 (2012 Metric), square (rectangular) end terminal, IPC_7351 nominal, (Body size source: https://docs.google.com/spreadsheets/d/1BsfQQcO9C6DZCsRaXUlFlo91Tg2WpOkGARC1WS5S8t0/edit?usp=sharing), generated with kicad-footprint-generator")
    (tags resistor)
    (path /60C44988)
    (attr smd)
    (fp_text reference R1 (at -2.2352 -0.0127 180) (layer F.SilkS)
      (effects (font (size 1 1) (thickness 0.15)))
    )
    (fp_text value 2.7M (at 0 1.65 90) (layer F.Fab)
      (effects (font (size 1 1) (thickness 0.15)))
    )
    (fp_line (start 1.68 0.95) (end -1.68 0.95) (layer F.CrtYd) (width 0.05))
    (fp_line (start 1.68 -0.95) (end 1.68 0.95) (layer F.CrtYd) (width 0.05))
    (fp_line (start -1.68 -0.95) (end 1.68 -0.95) (layer F.CrtYd) (width 0.05))
    (fp_line (start -1.68 0.95) (end -1.68 -0.95) (layer F.CrtYd) (width 0.05))
    (fp_line (start -0.258578 0.71) (end 0.258578 0.71) (layer F.SilkS) (width 0.12))
    (fp_line (start -0.258578 -0.71) (end 0.258578 -0.71) (layer F.SilkS) (width 0.12))
    (fp_line (start 1 0.6) (end -1 0.6) (layer F.Fab) (width 0.1))
    (fp_line (start 1 -0.6) (end 1 0.6) (layer F.Fab) (width 0.1))
    (fp_line (start -1 -0.6) (end 1 -0.6) (layer F.Fab) (width 0.1))
    (fp_line (start -1 0.6) (end -1 -0.6) (layer F.Fab) (width 0.1))
    (fp_text user %R (at -2.0828 0 180) (layer F.Fab)
      (effects (font (size 0.5 0.5) (thickness 0.08)))
    )
    (pad 1 smd roundrect (at -0.9375 0 270) (size 0.975 1.4) (layers F.Cu F.Paste F.Mask) (roundrect_rratio 0.25)
      (net 2 /Pack))
    (pad 2 smd roundrect (at 0.9375 0 270) (size 0.975 1.4) (layers F.Cu F.Paste F.Mask) (roundrect_rratio 0.25)
      (net 6 "Net-(IC1-Pad9)"))
    (model ${KISYS3DMOD}/Resistor_SMD.3dshapes/R_0805_2012Metric.wrl
      (at (xyz 0 0 0))
      (scale (xyz 1 1 1))
      (rotate (xyz 0 0 0))
    )
  )

  (module Resistor_SMD:R_0805_2012Metric (layer F.Cu) (tedit 5B36C52B) (tstamp 60C47885)
    (at 171.8564 91.9099 270)
    (descr "Resistor SMD 0805 (2012 Metric), square (rectangular) end terminal, IPC_7351 nominal, (Body size source: https://docs.google.com/spreadsheets/d/1BsfQQcO9C6DZCsRaXUlFlo91Tg2WpOkGARC1WS5S8t0/edit?usp=sharing), generated with kicad-footprint-generator")
    (tags resistor)
    (path /60C4BE5E)
    (attr smd)
    (fp_text reference R2 (at -2.2352 0 180) (layer F.SilkS)
      (effects (font (size 1 1) (thickness 0.15)))
    )
    (fp_text value 390k (at 0 1.65 90) (layer F.Fab)
      (effects (font (size 1 1) (thickness 0.15)))
    )
    (fp_line (start -1 0.6) (end -1 -0.6) (layer F.Fab) (width 0.1))
    (fp_line (start -1 -0.6) (end 1 -0.6) (layer F.Fab) (width 0.1))
    (fp_line (start 1 -0.6) (end 1 0.6) (layer F.Fab) (width 0.1))
    (fp_line (start 1 0.6) (end -1 0.6) (layer F.Fab) (width 0.1))
    (fp_line (start -0.258578 -0.71) (end 0.258578 -0.71) (layer F.SilkS) (width 0.12))
    (fp_line (start -0.258578 0.71) (end 0.258578 0.71) (layer F.SilkS) (width 0.12))
    (fp_line (start -1.68 0.95) (end -1.68 -0.95) (layer F.CrtYd) (width 0.05))
    (fp_line (start -1.68 -0.95) (end 1.68 -0.95) (layer F.CrtYd) (width 0.05))
    (fp_line (start 1.68 -0.95) (end 1.68 0.95) (layer F.CrtYd) (width 0.05))
    (fp_line (start 1.68 0.95) (end -1.68 0.95) (layer F.CrtYd) (width 0.05))
    (fp_text user %R (at 2.2733 0.0127 180) (layer F.Fab)
      (effects (font (size 0.5 0.5) (thickness 0.08)))
    )
    (pad 2 smd roundrect (at 0.9375 0 270) (size 0.975 1.4) (layers F.Cu F.Paste F.Mask) (roundrect_rratio 0.25)
      (net 1 GND))
    (pad 1 smd roundrect (at -0.9375 0 270) (size 0.975 1.4) (layers F.Cu F.Paste F.Mask) (roundrect_rratio 0.25)
      (net 6 "Net-(IC1-Pad9)"))
    (model ${KISYS3DMOD}/Resistor_SMD.3dshapes/R_0805_2012Metric.wrl
      (at (xyz 0 0 0))
      (scale (xyz 1 1 1))
      (rotate (xyz 0 0 0))
    )
  )

  (module Resistor_SMD:R_0805_2012Metric (layer F.Cu) (tedit 5B36C52B) (tstamp 60C47896)
    (at 180.1749 96.4438 270)
    (descr "Resistor SMD 0805 (2012 Metric), square (rectangular) end terminal, IPC_7351 nominal, (Body size source: https://docs.google.com/spreadsheets/d/1BsfQQcO9C6DZCsRaXUlFlo91Tg2WpOkGARC1WS5S8t0/edit?usp=sharing), generated with kicad-footprint-generator")
    (tags resistor)
    (path /60C60CD7)
    (attr smd)
    (fp_text reference R5 (at -2.2225 0 180) (layer F.SilkS)
      (effects (font (size 1 1) (thickness 0.15)))
    )
    (fp_text value 1M (at 0 1.65 90) (layer F.Fab)
      (effects (font (size 1 1) (thickness 0.15)))
    )
    (fp_line (start 1.68 0.95) (end -1.68 0.95) (layer F.CrtYd) (width 0.05))
    (fp_line (start 1.68 -0.95) (end 1.68 0.95) (layer F.CrtYd) (width 0.05))
    (fp_line (start -1.68 -0.95) (end 1.68 -0.95) (layer F.CrtYd) (width 0.05))
    (fp_line (start -1.68 0.95) (end -1.68 -0.95) (layer F.CrtYd) (width 0.05))
    (fp_line (start -0.258578 0.71) (end 0.258578 0.71) (layer F.SilkS) (width 0.12))
    (fp_line (start -0.258578 -0.71) (end 0.258578 -0.71) (layer F.SilkS) (width 0.12))
    (fp_line (start 1 0.6) (end -1 0.6) (layer F.Fab) (width 0.1))
    (fp_line (start 1 -0.6) (end 1 0.6) (layer F.Fab) (width 0.1))
    (fp_line (start -1 -0.6) (end 1 -0.6) (layer F.Fab) (width 0.1))
    (fp_line (start -1 0.6) (end -1 -0.6) (layer F.Fab) (width 0.1))
    (fp_text user %R (at -1.9812 0 180) (layer F.Fab)
      (effects (font (size 0.5 0.5) (thickness 0.08)))
    )
    (pad 1 smd roundrect (at -0.9375 0 270) (size 0.975 1.4) (layers F.Cu F.Paste F.Mask) (roundrect_rratio 0.25)
      (net 3 +5V))
    (pad 2 smd roundrect (at 0.9375 0 270) (size 0.975 1.4) (layers F.Cu F.Paste F.Mask) (roundrect_rratio 0.25)
      (net 7 "Net-(IC1-Pad12)"))
    (model ${KISYS3DMOD}/Resistor_SMD.3dshapes/R_0805_2012Metric.wrl
      (at (xyz 0 0 0))
      (scale (xyz 1 1 1))
      (rotate (xyz 0 0 0))
    )
  )

  (module Capacitor_SMD:C_0805_2012Metric (layer F.Cu) (tedit 5B36C52B) (tstamp 60C4DA1B)
    (at 180.1876 91.8845 90)
    (descr "Capacitor SMD 0805 (2012 Metric), square (rectangular) end terminal, IPC_7351 nominal, (Body size source: https://docs.google.com/spreadsheets/d/1BsfQQcO9C6DZCsRaXUlFlo91Tg2WpOkGARC1WS5S8t0/edit?usp=sharing), generated with kicad-footprint-generator")
    (tags capacitor)
    (path /60C444DF)
    (attr smd)
    (fp_text reference C2 (at 2.2352 0 180) (layer F.SilkS)
      (effects (font (size 1 1) (thickness 0.15)))
    )
    (fp_text value 2.2u (at 0 1.65 90) (layer F.Fab)
      (effects (font (size 1 1) (thickness 0.15)))
    )
    (fp_line (start -1 0.6) (end -1 -0.6) (layer F.Fab) (width 0.1))
    (fp_line (start -1 -0.6) (end 1 -0.6) (layer F.Fab) (width 0.1))
    (fp_line (start 1 -0.6) (end 1 0.6) (layer F.Fab) (width 0.1))
    (fp_line (start 1 0.6) (end -1 0.6) (layer F.Fab) (width 0.1))
    (fp_line (start -0.258578 -0.71) (end 0.258578 -0.71) (layer F.SilkS) (width 0.12))
    (fp_line (start -0.258578 0.71) (end 0.258578 0.71) (layer F.SilkS) (width 0.12))
    (fp_line (start -1.68 0.95) (end -1.68 -0.95) (layer F.CrtYd) (width 0.05))
    (fp_line (start -1.68 -0.95) (end 1.68 -0.95) (layer F.CrtYd) (width 0.05))
    (fp_line (start 1.68 -0.95) (end 1.68 0.95) (layer F.CrtYd) (width 0.05))
    (fp_line (start 1.68 0.95) (end -1.68 0.95) (layer F.CrtYd) (width 0.05))
    (fp_text user %R (at 2.0574 0 180) (layer F.Fab)
      (effects (font (size 0.5 0.5) (thickness 0.08)))
    )
    (pad 1 smd roundrect (at -0.9375 0 90) (size 0.975 1.4) (layers F.Cu F.Paste F.Mask) (roundrect_rratio 0.25)
      (net 3 +5V))
    (pad 2 smd roundrect (at 0.9375 0 90) (size 0.975 1.4) (layers F.Cu F.Paste F.Mask) (roundrect_rratio 0.25)
      (net 1 GND))
    (model ${KISYS3DMOD}/Capacitor_SMD.3dshapes/C_0805_2012Metric.wrl
      (at (xyz 0 0 0))
      (scale (xyz 1 1 1))
      (rotate (xyz 0 0 0))
    )
  )

  (module INDPM4040X210N (layer F.Cu) (tedit 0) (tstamp 60C6BF8A)
    (at 180.1749 86.106 270)
    (descr TYA40206R8M-10)
    (tags Inductor)
    (path /60C67FC5)
    (attr smd)
    (fp_text reference L1 (at -3.6322 0 180) (layer F.SilkS)
      (effects (font (size 1.27 1.27) (thickness 0.254)))
    )
    (fp_text value 6.8u (at 1.4986 -0.254 180) (layer F.SilkS) hide
      (effects (font (size 1.27 1.27) (thickness 0.254)))
    )
    (fp_line (start -2 2) (end 2 2) (layer F.SilkS) (width 0.2))
    (fp_line (start 2 -2) (end -2 -2) (layer F.SilkS) (width 0.2))
    (fp_line (start -2 2) (end -2 -2) (layer F.Fab) (width 0.1))
    (fp_line (start 2 2) (end -2 2) (layer F.Fab) (width 0.1))
    (fp_line (start 2 -2) (end 2 2) (layer F.Fab) (width 0.1))
    (fp_line (start -2 -2) (end 2 -2) (layer F.Fab) (width 0.1))
    (fp_line (start -2.9 2.4) (end -2.9 -2.4) (layer F.CrtYd) (width 0.05))
    (fp_line (start 2.9 2.4) (end -2.9 2.4) (layer F.CrtYd) (width 0.05))
    (fp_line (start 2.9 -2.4) (end 2.9 2.4) (layer F.CrtYd) (width 0.05))
    (fp_line (start -2.9 -2.4) (end 2.9 -2.4) (layer F.CrtYd) (width 0.05))
    (fp_text user %R (at -3.6322 0 180) (layer F.Fab)
      (effects (font (size 1.27 1.27) (thickness 0.254)))
    )
    (pad 1 smd rect (at -1.65 0 270) (size 2 3.5) (layers F.Cu F.Paste F.Mask)
      (net 2 /Pack))
    (pad 2 smd rect (at 1.65 0 270) (size 2 3.5) (layers F.Cu F.Paste F.Mask)
      (net 5 "Net-(IC1-Pad3)"))
    (model C:\SamacSys_PCB_Library\KiCad\SamacSys_Parts.3dshapes\TYA40206R8M-10.stp
      (at (xyz 0 0 0))
      (scale (xyz 1 1 1))
      (rotate (xyz 0 0 0))
    )
  )

  (segment (start 173.8188 91.5722) (end 175.4938 91.5722) (width 0.3) (layer F.Cu) (net 1))
  (segment (start 175.4938 91.5722) (end 175.8188 91.8972) (width 0.3) (layer F.Cu) (net 1))
  (segment (start 175.4938 89.8972) (end 175.4938 91.5722) (width 0.3) (layer F.Cu) (net 1))
  (segment (start 176.1438 91.5722) (end 175.8188 91.8972) (width 0.3) (layer F.Cu) (net 1))
  (segment (start 176.1438 89.8972) (end 176.1438 91.5722) (width 0.3) (layer F.Cu) (net 1))
  (segment (start 176.7938 90.9222) (end 176.4665 91.2495) (width 0.3) (layer F.Cu) (net 1))
  (segment (start 176.7938 89.8972) (end 176.7938 90.9222) (width 0.3) (layer F.Cu) (net 1))
  (segment (start 175.1711 91.2495) (end 175.1711 91.2495) (width 0.3) (layer F.Cu) (net 1))
  (segment (start 174.8438 92.8722) (end 174.8438 93.8972) (width 0.3) (layer F.Cu) (net 1))
  (segment (start 175.8188 91.8972) (end 175.1711 92.5449) (width 0.3) (layer F.Cu) (net 1))
  (segment (start 176.4665 92.5449) (end 176.4665 92.5449) (width 0.3) (layer F.Cu) (net 1))
  (segment (start 175.1711 91.2495) (end 175.8188 91.8972) (width 0.3) (layer F.Cu) (net 1) (tstamp 60C4E63C))
  (via (at 175.1711 91.2495) (size 0.8) (drill 0.4) (layers F.Cu B.Cu) (net 1))
  (segment (start 176.4665 91.2495) (end 175.8188 91.8972) (width 0.3) (layer F.Cu) (net 1) (tstamp 60C4E63E))
  (via (at 176.4665 91.2495) (size 0.8) (drill 0.4) (layers F.Cu B.Cu) (net 1))
  (segment (start 176.4665 92.5449) (end 175.8188 91.8972) (width 0.3) (layer F.Cu) (net 1) (tstamp 60C4E640))
  (via (at 176.4665 92.5449) (size 0.8) (drill 0.4) (layers F.Cu B.Cu) (net 1))
  (segment (start 175.1711 92.5449) (end 175.1711 92.5449) (width 0.3) (layer F.Cu) (net 1) (tstamp 60C4E642))
  (via (at 175.1711 92.5449) (size 0.8) (drill 0.4) (layers F.Cu B.Cu) (net 1))
  (segment (start 175.1711 92.5449) (end 175.1711 92.5449) (width 0.3) (layer F.Cu) (net 1) (tstamp 60C4E644))
  (via (at 175.1711 92.5449) (size 0.8) (drill 0.4) (layers F.Cu B.Cu) (net 1))
  (segment (start 175.1711 92.5449) (end 174.8438 92.8722) (width 0.3) (layer F.Cu) (net 1) (tstamp 60C4E646))
  (via (at 175.1711 92.5449) (size 0.8) (drill 0.4) (layers F.Cu B.Cu) (net 1))
  (segment (start 175.4938 89.8972) (end 175.8381 89.8972) (width 0.3) (layer F.Cu) (net 1))
  (segment (start 175.8381 89.8972) (end 176.7938 89.8972) (width 0.3) (layer F.Cu) (net 1))
  (segment (start 171.8564 92.8474) (end 171.8564 94.1832) (width 0.3) (layer F.Cu) (net 1))
  (segment (start 171.8564 94.1832) (end 171.8564 94.1832) (width 0.3) (layer F.Cu) (net 1) (tstamp 60C4E673))
  (via (at 171.8564 94.1832) (size 0.8) (drill 0.4) (layers F.Cu B.Cu) (net 1))
  (segment (start 180.6874 90.4472) (end 180.1876 90.947) (width 0.3) (layer F.Cu) (net 1))
  (segment (start 184.3278 90.4472) (end 181.8789 90.4472) (width 0.3) (layer F.Cu) (net 1))
  (segment (start 181.8789 90.4472) (end 180.6874 90.4472) (width 0.3) (layer F.Cu) (net 1) (tstamp 60C4E689))
  (via (at 181.8789 90.4472) (size 0.8) (drill 0.4) (layers F.Cu B.Cu) (net 1))
  (via (at 175.8188 88.773) (size 0.8) (drill 0.4) (layers F.Cu B.Cu) (net 1))
  (segment (start 175.8188 89.8779) (end 175.8381 89.8972) (width 0.3) (layer F.Cu) (net 1))
  (segment (start 175.8188 87.5642) (end 175.8188 88.773) (width 0.3) (layer F.Cu) (net 1))
  (segment (start 172.770906 92.2222) (end 172.458606 91.9099) (width 0.3) (layer F.Cu) (net 2))
  (segment (start 173.8188 92.2222) (end 172.770906 92.2222) (width 0.3) (layer F.Cu) (net 2))
  (segment (start 172.458606 91.9099) (end 171.1071 91.9099) (width 0.3) (layer F.Cu) (net 2))
  (segment (start 171.1071 91.9099) (end 170.7007 91.5035) (width 0.3) (layer F.Cu) (net 2))
  (segment (start 170.7007 86.8576) (end 171.8691 85.6892) (width 0.3) (layer F.Cu) (net 2))
  (segment (start 170.7007 91.5035) (end 170.7007 86.8576) (width 0.3) (layer F.Cu) (net 2))
  (segment (start 171.8691 85.6892) (end 175.8188 85.6892) (width 0.9) (layer F.Cu) (net 2))
  (segment (start 174.76879 86.73921) (end 175.8188 85.6892) (width 0.3) (layer F.Cu) (net 2))
  (segment (start 174.76879 89.82219) (end 174.76879 86.73921) (width 0.3) (layer F.Cu) (net 2))
  (segment (start 174.8438 89.8972) (end 174.76879 89.82219) (width 0.3) (layer F.Cu) (net 2))
  (segment (start 178.9417 85.6892) (end 180.1749 84.456) (width 0.9) (layer F.Cu) (net 2))
  (segment (start 175.8188 85.6892) (end 178.9417 85.6892) (width 0.9) (layer F.Cu) (net 2))
  (segment (start 179.7753 92.8722) (end 180.2003 93.2972) (width 0.3) (layer F.Cu) (net 3))
  (segment (start 177.8188 92.8722) (end 179.7753 92.8722) (width 0.3) (layer F.Cu) (net 3))
  (segment (start 176.7938 93.8972) (end 176.1438 93.8972) (width 0.3) (layer F.Cu) (net 3))
  (segment (start 179.6003 93.8972) (end 180.2003 93.2972) (width 0.3) (layer F.Cu) (net 3))
  (segment (start 176.7938 93.8972) (end 179.6003 93.8972) (width 0.3) (layer F.Cu) (net 3))
  (segment (start 183.8026 92.822) (end 184.3278 93.3472) (width 0.9) (layer F.Cu) (net 3))
  (segment (start 180.1876 92.822) (end 183.8026 92.822) (width 0.9) (layer F.Cu) (net 3))
  (segment (start 182.1687 95.5063) (end 184.3278 93.3472) (width 0.9) (layer F.Cu) (net 3))
  (segment (start 180.1749 95.5063) (end 182.1687 95.5063) (width 0.9) (layer F.Cu) (net 3))
  (segment (start 177.8188 91.5722) (end 177.8188 90.9222) (width 0.3) (layer F.Cu) (net 5))
  (segment (start 177.8188 90.1121) (end 180.1749 87.756) (width 0.3) (layer F.Cu) (net 5))
  (segment (start 177.8188 90.9222) (end 177.8188 90.1121) (width 0.3) (layer F.Cu) (net 5))
  (segment (start 180.1749 89.419994) (end 180.1749 87.756) (width 0.3) (layer F.Cu) (net 5))
  (segment (start 177.8188 91.5722) (end 178.022694 91.5722) (width 0.3) (layer F.Cu) (net 5))
  (segment (start 178.022694 91.5722) (end 180.1749 89.419994) (width 0.3) (layer F.Cu) (net 5))
  (segment (start 171.9066 90.9222) (end 171.8564 90.9724) (width 0.3) (layer F.Cu) (net 6))
  (segment (start 173.8188 90.9222) (end 171.9066 90.9222) (width 0.3) (layer F.Cu) (net 6))
  (segment (start 171.8691 90.9597) (end 171.8564 90.9724) (width 0.9) (layer F.Cu) (net 6))
  (segment (start 171.8691 87.5642) (end 171.8691 90.9597) (width 0.9) (layer F.Cu) (net 6) (tstamp 60C4DB70))
  (segment (start 173.8188 94.077202) (end 177.122898 97.3813) (width 0.3) (layer F.Cu) (net 7))
  (segment (start 177.122898 97.3813) (end 180.1749 97.3813) (width 0.3) (layer F.Cu) (net 7))
  (segment (start 173.8188 92.8722) (end 173.8188 94.077202) (width 0.3) (layer F.Cu) (net 7))

)
